1111111111111111111257998521111111111111111111
1111111111111111116999999996111111111111111111
1111111111111111179999999999821111111111111111
1111111111111111799999999999971111111111111111
1111111111111114999999999999995111111111111111
1111111111111118999999999999999211111111111111
1111111111111159999999999999999511111111111111
1111111111111189999999999999999921111111111111
1111111111111599999999999999999961111111111111
1111111111112999999999999999999992111111111111
1111111111115999999999999999999996111111111111
1111111111129999999999999999999999211111111111
1111111111169999999999999999999999611111111111
1111111111299999999999999999999999921111111111
1111111111699999999999999999999999961111111111
1111111112999999999999999999999999992111111111
1111111116999999999999999999999999996111111111
1111111129999999999999999999999999998311111111
1111111169999999999999999999999999988611111111
1111111299999999999999999999999999988831111111
1111111799999999999999999999999999888871111111
1111113999999999999999999999999998888883111111
1111117999999999999999999999999888888887111111
1111139999999999999999999999998888888888411111
1111179999999999999999999999988888888888711111
1111499999999999999999999998888888888888841111
1111799999999999999998788888888888888888871111
1114989999999999999841115888888888753588884111
1117888899999999999511111788888887111128887111
1148888888888888887111111488888882111115888411
1178888888888888883111111588888861111114888711
1488888888888888871111111788888821111115888841
1788888888888888821111113888888511111117888871
3888888888888888611111117888887111111158888883
6888888888888888211111158888883111111288888885
7888888888888884111111288888861111111688888887
7888888888888871111111688888821111113888888887
7888888888888831111113888888511111117888888887
6888888888888611111117888887111111148888888886
5888888888888211111138888884111111178888888885
2888888888885111111178888871111111588888888882
1588888888871111111488888831111112888888888861
1178888888841111111788888611111116888888888721
1137888888711111113888888211111118888888888311
1112788887211111112888885111111117888888873111
1111157752111111111477631111111113677776411111
