00000000000000000000000000000000000000000000000000000000000000000000000000000000000000000000000000000000000000000000000000000000000000000000000001000000000000000000000000000000000000000000000000000000000000000000000000000000
00000000000000000000000000000000000000000000000000000000000000000000010000000000000000000000000000000000000000000000000000000000000000000000000000000000000000000000000000000000000000000000000000000000000000000000000000000000
00000000000000000000000000000000000000000000000000000000000000000000000000000000000000000000000000000000000000000000000000000000000000000000000000000000000000000000000000000000000000000000000000000000000000000000000000000000
00000000000000000000000000000000000000000000000000000000000000000000000000000000000000000000000000000000000000000000000000000000000000000000000000000000000000000000000000000000000100000000000000000000000000000000000000000000
00000000000000000000000000000000000000000000000000000000000000000000000000000000000000000000000000000100000000000000000000000000000000000000000000000000000000000000000000000000000000000000000000000000000000000000000000000000
00000000000000000000000000000000000000000000000000000000000000000000000000000000000000000000000000000000000000000000000000000000000000000000000001000000000000000000000000000000000000000000000000000000000000000000000000000000
00000000000000000000000000000000000000000000000000100000000000000000000000000000000000000000000000000000000000000000000000000000000000000000000000000000000000000000000000000000000000000000000000000000000000000010010000000000
00000000000000000000000000000000000000000000000000000000000000000000000000000000000000000000000000000000000000000000000000000000000000000000000000000000000000000000000000000000000000000000000000000000000000000000000000000000
10000000000000000000000000000000000000000000000000000000000000000000000000000000000000000000000000000000000000000000000000000000000000000000000000000000000000000100000000000000000000000000000000000000000100000000000000000000
00000000000000000000000000000000000000000000000000000000000000000000000000000000000000000000000000000000000000000000000000000000000000000000000000000000000000000000000000000000000000000000000000000000000000000000000000000000
00000000000000000001000000000000000000000000000000000000000000000000000000000000000000000000000000000000000000000010000000000000000000000000000000000000000000000000000000000000000100000000000000000000000000000000000000000001
00000000000000000000000000000000000000000000000000000000000000000000000000000000000000000000000000000000000000000000000000000000000000000000000000000000000000000000000000000000000000000000000000000000000000000000000000000000
00000000000000000000000000000000000000000000000000000000000000000000000000000000000000000000000000000000000000000000000000000000001000000000000000000000000000000000000000000000000000000000000000000000000000000000000000000000
00000000010000000000000000000000000000000100000000000000000000000000000000000000000000000000000000000000000000000000000000000000000000000000000000000000000000000000000000000000000000000000000000000000000000000000000000000000
00000000000000000000000000000000000000000000000000000000000000000000000000000000000000000000000000000000000000010000000000000000000000000000000000000000000000000000000000000000000000100000000000000000000000000000000000000000
00000000000000000000000000000000000000000000000000000000000000000000000000000000000000000000000000010000000000000000000000000000000000000000000000000000000000000000000000000000000000000000000000000000000000000010000000100000
00000000000000000000000000000000000000000000000000000000000000000000000000000000000000000000000000000000000000000000000000010000000000000000000000000000000000000000000000000000000000000000000000000000000000000000000000000000
00000000000000000000000000000000000000000000000000000000000000000000000000000000000000000000000000000000000000000000000000000000000000000010000000000000000000000000000000000000000000000000000000000000000000000000000000000000
00000000000000000000000000000000000000000000000000000000000000000000000000000000000000000000000000000000000000000000000000000000000000000000000000000000000000000000000000000000000000000000000000000000000000000000000000000000
00000000000000000000000000000000000000000000000000000000000000000000000000000000000000000000000000000000000000000100000000000000000000000000000000000000000000000000000000000000000000000000000000000000000000000000000000100000
00000000000000000000000000000000000100000000000000000000000000000000000000000000000000000000000000000000000000000000000000000000000000000000000000000000000000000000000000000000000000000000000000000000000000000000000000000000
00000000000000000000000000000000000000000000000000000000000000000000000000000000000000000000000000000000000000000000000000000000000000000000000100000100000000000000000000000000000000000010000000000000000000000000000000000000
00000000000000000000000000000000000000000000000000000000000000000000000000000000000000000000000000000000000000000000000000000000000000000000000000000000000000000000000000000000000000000000000000000000000000000000000000000000
00000000000000000000000000000000000000000000000000000000000000000000000000000000000000000000000000000000000000000000000000000000000000000000000000000000000000000000000000000000000000000000000000000000000000000000000000000000
00000000000000000000000000000000000000000000000000000000000000000000000000000000000000000000000000000000000000000000000000000000000000000000000000000000000000000000000000000000000000100000000000000000000000000100000000000000
00000000000000000000000000000000000000000000000000000000000000000000000000000000000000000000000000000000000000000000000000000000000000000000000000000000000000000000000000000000000000000000000000000000000000000000000000000000
00000000000100000000000000000000000000000000000000000000000000000000000000000000000000000000000000000000000100001000000000010000000000000000000000000000001000000001000000000000000000000000000000000000000000000000010000001000
00000000000000000000000000000000000000000000000000000000000000000000000001000000000000000000000000000000000000000000000000000000000000000000000000000000000000000000000000000000000000000000000000000000000000000000000000000000
00000000000000000000000010000000000000000000000000000000000000000000000000000000000000000000000000000000000000000000000000000000000000000000000000000000000000000000000000000000000000000000100000000000000000000000000000000000
00000000000000000000000000000000000000000000000000000000000000000000000000000000000000000000000000000000000000000000100000000000000000000000000000000000000000000000000000000000000000000000000000000000000000000000000000000000
00000000000000000000000000000000000000000100000000000000000000000000000000000000000000000000000000000000000000000000000000000000000000000000000000000000100000000000001000000000000000000000000000000000000000000000000000000000
00000000000000000000000000000000000000000000000000000000000000000000000000000000000000000000000000000000000000000000000000000100000000000000000000000000000000000000000000000000000000000000000000000000000000000000000000000000
00000000000000000000000000100000000000000000000000000000000000000000000000000000000000000000000000110000000000000000000000000000000000000000000000000000000000000000000000000000000000000000000000000000000000000000000000000000
00000000000000000000000000000000000000000000000000000000000000000000000000000000000000000000000000000000000000000000000000000000000000001000100000000000000000000000000000000000000000000000000000000000000000000000000000000000
00000000000000000000000000000000000000000000000000000000000000000000000000000000000000000000010000000000000000000000000000000000000000001000000000000000000000000000000000000000000000000000000010000000000000000000000000000000
00000000000000000000000000000000000000000000000000000000000000000000000000000000100000000000000010000000000100000000000000000000000000000000000000000000000000000000000000000000000000000000000000000000000000000000000000000000
00000000000000000000000000000000000000000000000000000000000000000000000000000000000000000000000000000000000000000000000000000000000000000000000001000000000000000000000000000000000000000000000000000000000000000000000000000000
00010000000000000000000000000000000000000000000000000000000000000000000000000000000000000000000000000000000000000000000000000000000000001000000000000000000000000000000000000000000100000000000000000000000000000000000000000000
00000000000000000000000000000000000000000000000000000000000000000000000000000000000000000000000000000000000000000000000000000000000000000000000000000000000000000000000000000000000000000000000000000000000000000000000000000000
00000000000000000000000000000000000000000000000000000000000000000000000000000000000000000000000000000000000000000000000000000000000000000000000000000000000000000000000000000000000000000000000000000000000000000000000000000000
00000000000000000000000000000000000000000000000000000000000000000000000000000000000000000000000000000000000000000000000000000000000000000000110000000000000000000000000000000000000000000000000000000000000000000000000000000000
00000000000000000000000000000000000000000000000000000000000000000000000000000000000000000000000100000000000000000010000000000000000000000001400001000000000000000000000000100000000000000000000000000000000010000000000000000000
00010000000010000001000000000000000100000000000000000000000000100000000000000000000010000100000000101000000000000000100000010000000000101113200000000000100000000100000000000000001101010000000001000000000000100001000000000001
00000000000000010000000000000000000000000000000000001000000000000000000000010000000000000000000000001000000000000000000000000000000000013411000100000000000000000000000000000000000000000000000000000000000000000000000000000000
00000000000000000000000000000000000000000000000000000000000000000000000000000000000000000000000000000000000000000000000000000000000000045200000000000000200000000000000000000000000000000000000000000000000000000000000000000000
00000100000000000000000000001000000000000000000000000000000000000000000000000000000000000000000000000000000000010000000000000000000000155200000000000001200000000000000000000000000000000001000000000000000000000000000000010000
00000000000000000000000000000000000000000000001000100000000000000000000000000000000000000000000000000000000000000000000000000000000000035530000000000011100000000000000000000000000000000000000000000000000000000000000000000000
00000000000000000000000000000000000000000000000000000100000000000000000000000000000000000000000000100000000000000000000000000000000000035551000000000100000000000000100000000000000000011000000000000000000000010000000010001000
00000000000000000000000000000000000000000000000000000000000000000000000000000000000000000100000000000000000000010000000000000001100100146652000000000210000010000000000000000000000000000000000000000000000000000000000000000000
00000000000000000000000000000000000000000000100000000000000000000000000000000000000000000000000000000000000000000000100020000001002112456642000001001100000000000000000000000000000000000000000000000000000000000000010000000000
00000000000000000000000000001000000000000000000000000000000000000000100001000000000000000000000000000000000000010000111410000000134445576640100111200000000000000000000000000000000000000000000000000100000000000001000010001000
00010000000000100000000000000000000000000000000000000000000000100000000000000010000000000000000000100000010000010000125300000103555555776520000113100000100000000100000000000000000100000000000000000000000010000000010000101000
00000000000000000000000000000010000000000000000000000000000000000000000000000000000000000000000000000000010000000000155000100145766668764200002231000000000000101110000000010000001000000000000000000000000101000000010000000000
00000000000000000000000000000000000000000000000000000000000000000000000100000000100000000000001000000000000000000000264100010366666777532100012311000100100000000000000000000000000000000000000000000000000000000001000000001001
00000000000000100001000000000000000000000000010000000000000000000000000001000000000000000000000000000010000000001000256300011576679974310100015230000001100000000000000100000000000000000000000000000000000000000000000000010000
00000000000000000000000001000000000000000000000000000000000000000000000000000000000000000000000000000000000000010000015200015777789753101000124410000014000000000000000000000000000000100000000000000000000000000000000000000000
00000000000000000000000000000000000010000000000000100000000000000000000000001000000000000000000000000000000000300010032000117767999642211223343100100027100000000000000000000000000001000100000000000000000000000000000010001001
00010000000000100000000000000000000000010100000000000000000000000000000000000101000010000100000100101000100124500100011010026687897452113334421101001144000000000100000000001000001100000100101000000011000000100000011000000000
00010000000000000000000000000000000000000000100000001100000000001000000000001000000001010000000010000010000463201001011112015769987552214333220000133432100000000000000010111000000101001000100000000000000100000000011000001000
00000000000000000000000000000000000010000000000000000000000000000000000000000000000000000000000000001100003671000012100111111578898533244544110010354210000000000000000001100000000000000000000000000000000000000000000000000000
00000000000010001000010000000000000101000000000000000100000000000000000000000000100000000000000000000000026651000243100012121477998653345434210103553100100000000000000001000000000100000000100000000000000010000001010000001000
00000000010000000000000000000000000000000000000000000000000000000000000000000000000000000000100000000000026761011551110021112577998754445544310003672000000000000100000000000000000000000000000000000000000000000000010000000000
00000000000000000000000000001000000001000000000000000000000100000000011001000000100000000010010110110000037785302211102101214668899875555544410113566010100100000100000000110000000100001000101000000011000001010000010000000010
00000000000000000000000001000000000000000100001000000100000000000000000001100001010000000010200100100000046785523110112211355577999886645545420123576121100000000000000000012000001000001000000000001000000000000010000000010001
00001100010000000000000000001000000000000000000000000000000000100000000000000000100000001100400010001001115687760111224116656779899888666544411113478621100010000001000000101000001100100001100000110000000000001011010000001010
01011100000000100000000000101010000100000000100000000000001000101001001100000000100001010101300010110111213598764111465357667788899788765444211123568630110000000000000021100010010001000000100010011000000000010100010000001001
00000001000000100000000000001000000000000100101001100001000000000000001100010000110110100124300111111111136688965113675576778898898997655441111245578751001000100100000311100000101011000000000100101101000000101011000100011010
00010100000000000000000000000000000001000000000010010100000010000000100001101000101000001542000000112210267898863125676677798888998887654211232555669640100100000000001320000000000000000000100000010000000010000000011000111000
00000100000010000000000000000000000100000000000000000000100000000000001000111100000000016400000010121434767998841236777688988879999975533334345566788740101001000000101100000000011000001010000110001000100000000010000001001000
10000100000000000000000000101000010101000000000000000000000000000000000100000000010003127201001121114777779987632346888888888899988753424434566678877410110100000000100000000000001101000000100000000100000000010101010000001010
00000000000000000000000000000000000000000000000000000000000010000000000000000000110001126200001121127777899886544577798988889899888664355556667788877300111100000002410000000000000000100001000000000010000110000000010101000101
10010001000000000001011000001010010001011000000010001101000010110000000101101111100001111010022431257889999877667788899999898998988664557778888977753111111000110104200010101000000101010010110000010111010010111011011001111111
00000101110010100001010000001010000101110001100101000101010000101010100111110101110114011110135533568899999887878889999999989998988755677989788774621101121011110135100111101100010100011010101100100100001111111011111110111011
10011110000000010010000001111000000010000000101000000000001000000100111110000000214541001111266776788988776665645544444546999999888776779998786554211112100110011011110110111101011001010101010100001010010001010111101001011111
10000000000010101001010000000000000000001110101011011101010100001000011201100010146410011112576544545455556666667776676643369999989778899887765422111211101011100111111100101011210101011001111001110101011111000001111010101010
10001100001010000110000000001000000001011010010011001010000101101110003100111111166301111113784766666655555443333333333733244799999899999977553211111231001112111100010111011026200110010111111100111111111111111102111000001101
00110110011000010000010001000100000011110110101010000001001001101001105200010001576311111216785623323332222222222222224733144348999999998866432211121111111013100111110010012255000111100100111010110100111100110012000101111111
10011111100111100011011010112010000101111101100011111001111011101111253101110112567512121227794521000000000000000000024733334443589999997866402111122010113312110411101011255341010102111011101111110001011011111321011111111111
10101111010010000001000000021110001101011001001011000110001011100135331001100102687632122136894531000000000101010000005723233343437999978755211121110101236611011410111101563111001011011010110101111111011111111311111111111101
11011110011010101110011102002011010011101100111021101101011111101366201111111111567765522336694440011111121211211010105622224334444899887754211213211121366511215201111115663111111311011110111101111111111110112521111111101111
11011011100000010110111012111011000011010111110131001010101111111676110101101111347787742236694330011111111111111101015723233334443898978754212342211113566512113101111115673111113111101111111111011013110111111411111110111101
11110101111110111011010012311110010111101000211141110101011110112676221111011110126689762256784430111122221111021110025623233333344798787645211343211124576632111111112112666411131111111111111111111123111110243211121111111121
11111110011111111110111003411011101110101011111240101110111111113567532110221121035699863557775320122211111111111001035622233333344389876753333453211246567653111111222111586621121111111111021011211031111123341111111111111011
10011101111010111101011444201011011101110100014210100100111101211367654112111221146699863567766320111121111211011010034623222333344338887654334543211355768765111111042102586741111111111210110211111101110565111111011111112111
11111202111111010111103650111111111111111101265100111110113031111359764112111532456699755668956210112211111111111010035622233333244235886645455552222455579775111221252234697650102112111021112201122111115763111111111122121212
11111112110111111111136711011011111111100145121111111101101146112479763101104666566898666789956310122111111101110000045522222323344334987755664423234666699776111015455666876621111121122111111121111111115763111011022111111011
11011111113011111111046751101110111111111664111011111111221026345688751111125667767977567889956310121111011110101010045522223233334243897756775222566666898775111166446768865311111212121101122011211001115774231022121210100012
00111210002111101211113672111111121112115674111111111125211146667876531111136677799977678899955310111111011111110100046321223233334233988777874446676678997764111265567997652111111121121112210000320010103766531131121000001011
00011110011111111311111751101120111111126676221111010143212566678765111112135666999987879999944410111210110110011000046321323322333223887879664467777899988742111356689976521111111221111013201001110321013776661010011000010000
00001100000100122111111511211111111211124666531121111462316667787652221212125778999988999999944400212121111101100100056322222333333332898898564577899999875422211266899866512221221021101015200011000131135866620000110010001000
00010001000100121111112111125011111113112567571111121354266668876622102411245668998999988899944410101102110110101000057232232333323232898977546688999997764212231467999766422323230111013442100000010233556866400000000100101000
00000000000000101014101111123112221132112568762112111353376789876533135323545678999999989999844310011111110000000000057322223223333232898876456799999987653324423567999666541215110010146420001000331365678664100000000000000000
00000000000000000153100002111111211132124776651112135443477899776443355455545667999999789999854331111100000000000112446222222313233122787755567799999876553335555576999766662015410000565000000001445667876530001100010000000000
00000000000000000572000005100010111551356787631112565333456898765545455677656678999999789999853455555566777777777767646211222122333222798765677899999766544456766758999877742146620002663000000003666789765300010000020000000000
00000100001000003764230005500100002665677875412314676332566888876665667786576799999877999999767665666554554444545445467211121322223222777657778999998766665578867789998877456566510001575100100004677997664000200000020000000000
00001000021000005776530025700000015556699761112315776344666799976766567986578899899877999999776666666777667666666666676111211213223222787666879998998776565678778899988666555877300101157100000103679996654001400001310000000000
00110000110002001578753676300003004577997541124115777657666999887776779876689999898889999999666666677777767777676777666121121112123212788888999988998777667689799999887667778765011100364001014012678986664335300005100000100000
11221112100125110478855663111043023579966641253426787676769997977777798877889987998899999899565567677677778665544445466111121212122212788889999778999877666888999999867668887631111544551011162123778997755656201015310001300000
32233123221351124479876640111163235778976654565566788776889989788778998788999977999999998999564566667676666665552222266111122222223212899999988789998876678999999998876899776433233564112222363356669998566765111003620002100011
32332334421452365699877442421355466689877655478666789788999788797789899888999579997979988799565666566766766666666767666111121212222302898988886889999778889979998998878997854432245762232411465566899985687531212235721111112011
33333455222254567999776544523456677988787665687687889889998677977999899969878599988699886989556666666766767666676677665211122222222205879888765798997889998599999987789987655534567863323422466777999867875222233456542112121221
44455575333566789885787667545766778955878767884686887768865778768786768668574676768587556867744410111112222333333445563121121212112229678686748887875898873799779877899897655545788753346634568899999767754133346875531123223112
66546685455765897774988785467769597683887655763855677577754766577755656375433554455546436555667742111111000000000000000000011121211146566776467658748985846998597667999898766667897643467556688999998777664324568864122242222223
66867546428455754634654563545635345254254434523334434434322333323333343423322233323323334355555444433322111111111111111111111110001133433343353445455636437573673468894878368996977666786667996899868998756555687742122352234544
44645435434434442414332353233344342244333233433222123232133321333233322323333222223332223665645555556665677776665554445233211111111223323223231222143234243435454477864784688758886767974789967999579998776646897653323642245543
33233321222333222112322232322243223211213222324234322322322131222312211111232232212212166644445344445354445554545637773202111111011210111011111111112121111223121424435453545555654876558868569686699757878779968767467654656755
22222323212333222222121132412212112302211222312223312233231122322121120112212232221123666545545446353546463545445226631101111111121210000100010111011210111111111112222222222243443354426546266754776477688579687877785656758755
33232123212223214355221124413111223243231314220021110112132222121232222141112211111166544353554446465665453454551276212100122211100000000000000000000111111100001101121122122332233322332233324433434344454456435646555477456487
22132312215123132455211122225412133234233114121011001102122132213224343453321121113773334235677877765652534455524761112100110000000000111001000010001000310011011101101112224223232423222132313222232334434434444323333444245345
01011300133111201212120210112123111121132202211131121021111111111112233324211101136778877876644444443312325266348521111100000001000100111100000101010000201100011112211123213322142333235312331121212222222331222222232323223212
00111312022211311112022211111025211112012110113142422211111111102211121202111021123222234234544666778888676554685202200000001010100101111200011102111112400121111211121222311222112512343233322123231533113121222212022112412122
00120411112113113011233221113011111000110100002032231201011111012110110110102211101121222222333334333334555556642110000011010111111010023201111110111455111111111110101011011121111122120222334321334331413113212123123122123231
11031332200015132111311112114110110010010001101200010001213002231010010003111212212124011020001000112122333333312000120210120002111112553011111121113531111101111222212001102010111011021111122101223321421311213222112121132121
12031412120014141323000201012111010010011001212010013012014012643020211012333122111413122120031101100000110111211000201211212121211135311112211221103431111121211212221112121200110110011001110002021202111120112221112110121012
32022201114011101220100001010200001101010201421111004213146136672112412212242322211111111401221132120010111202112210312212132332111056211122112110113651111111012210111024121111111300001000020002010111120111020221103001110002
22011110112111001210110000201201201231000221223132013314325432633225111111121131312021011221221232132111221513114223222222122232013246521112111213436653212210111102003024202011102211014010111010010010010110020102001002111001
11000000010110000020010100010000310030210201200115122214421422413523222233012211232114121111221121232412413223314233122322110141233567621020113244666531122112032120204023331141001121004101121140001210021200021011001111010000
01010000010010000002001110000100410222211001110023221323311221112322224151201103123134142211213211332443232322231233312412001241466775401012005456864221031223231332223322211331210012022311121010000111002110120101110310011000
00000000010020000002003010011110330533112002210021341211210211112121024010501102212322243431322212411231101121121032213211013042388542103110004566452101030122022232223221113211221004121331311001100232133120131000311200000000
00001110000002010111020002003011022420122022101130011321210100110001131123410122102212113231201031212111010111210111112112253026687420114200321435452013210100111013121110101002122103021011300023010122221002111100000000200000
00010201000002002001211001312100023311112231013311001110101211010112320344422033012112001221211111101201321131113132210122543267877530151012323323263134100111201012111110021002011204021111011042112011100000010300000002102100
00012003000000013100101040234011112211000420012001000110100011002102422422132221114101020222232101110300151401012222001013453535554433611113154222222455101022100011102000000000012111000002000041023001310000000110000002012100
00012021101010012100110010143103101211001220112112002110111011102113321211022222122111120031231002202112253201121102101011552504413435301214242212213342111113100100111001000000001110000002011020231001100001000101001001101110
00101111122100001000001211111200211100001110101210001102021001102101230110012001022010012011011111323301353121010100212310222223202122113031112010243121123100100311011000010011011000100011111010311021111020000000102101100020
00210002221100000010001430001000210000001000000100001201021210021100310010002000021000110310001321345100132121021000041211211202201031124011022001132001231100121200000011110110000000010000010012000110001012000000122010000010
00200001001000000001001050200000100002000001000010010101020110021210020001000000000100100110000531214010021022011003031110111102000231121012001002101001210100021200200122010210000000011100110000000200000100000001012000000001
