11111111111111111111111111111111111111111111111111111111111111111111111111111111111111111111111111111111111111111111111111111111111111111111111111111111111111111111111111111111111111111111111111111111111111111111111111111111
01011111111111111111111111111111111111111111111111111111111111111111111111111111111111111111111111111111111111111111111111111111111111111111111111111111111111111111111111111111111111111111111111111111111111111111111111111111
00111111111111111111111111111111111111111111111111111111111111111111111111111111111111111111111111111111111111111111111111111111111111111111111111111111111111111111111111111111111111111111111111111111111111111111111111111111
10111111111111111111111111111111111111111111111111111111111111111111111111111111111111111111111111111111111111111111111111111111111111111111111111111111111111111111111111111111111111111111111111111111111111111111111111111111
00111111111111111111111111111111111111111111111111111111111111111111111111111111111111111111111111111111111111111111111111111111111111111111111111111111111111111111111111111111111111111111111111111111111111111111111111111111
11111111111111111111111111111111111111111111111111111111111111111111111111111111111111111111111111111111111111111111111111111111111111111111111111111111111111111111111111111111111111111111111111111111111111111111111111111111
11111111111111111111111111111111111111111111111111111111111111111111111111111111111111111111111111111111111111111111111111111111111111111111111111111111111111111111111111111111111111111111111111111111111111111111111111111111
11111111111111111111111111111111111111111111111111111111111111111111111111111111111111111111111111111111111111111111111111111111111111111111111111111111111111111111111111111111111111111111111111111111111111111111111111111111
11111111111111111111111111111111111111111111111111111111111111111111111111111111111111111111111111111111111111111111111111111111111111111111111111111111111111111111111111111111111111111111111111111111111111111111111111111111
11111111111111111111111111111111111111111111111111111111111111111111111111111111111111111111111111111111111111111111111111111111111111111111111111111111111111111111111111111111111111111111111111111111111111111111111111111111
11111111111111111111111111111111111111111111111111111111111111111111111111111111111111111111111111111111111111111111111111111111111111111111111111111111111111111111111111111111111111111111111111111111111111111111111111111111
11111111111111111111111111111111111111111111111111111111111111111111111111111111111111111111111111111111111111111111111111111111111111111111111111111111111111111111111111111111111111111111111111111111111111111111111111111111
11111111111111111111111111111111111111111111111111111111111111111111111111111111111111111111111111111111111111111111111111111111111111111111111111111111111111111111111111111111111111111111111111111111111111111111111111111111
11111111111111111111111111111111111111111111111111111111111111111111111111111111111111111111111111111111111111111111111111111111111111111111111111111111111111111111111111111111111111111111111111111111111111111111111111111111
11111111111111111111111111111111111111111111111111111111111111111111111111111111111111111111111111111111111111111111111111111111111111111111111111111111111111111111111111111111111111111111111111111111111111111111111111111111
11111111111111111111111111111111111111111111111111111111111111111111111111111111111111111111111111111111111111111121111111111111111111111111111111111111111111111111111111111111111111111111111111111111111111111111111111111111
11111111111111111111111111111111111111111111111111111111111111111111111111111111111111111111111111111111111111111221111111111111111111111111111111111111111111111111111111111111111111111111111111111111111111111111111111111111
11111111111111111111111111111111111111111111111111111111111111111111111111111111111111111111111111111111111111111222211111111111111111111111111111111111111111111111111111111111111111111111111111111111111111111111111111111111
11111111111111111111111111111111111111111111111111111111111111111111111111111111111111111111111111111111111111111222221111111111111111111111111111111111111111111111111111111111111111111111111111111111111111111111111111111111
11111111111111111111111111111111111111111111111111111111111111111111111111111111111111111111111111111111111111111122211111111111111111111111111111111111111111111111111111111111111111111111111111111111111111111111111111111111
11111111111111111111111111111111111111111111111111111111111111111111111111111111111111111111111111111111111111111112322111111111110111111111111111111111111111111111111111111111111111111111111111111111111111111111111111111111
11111111111111111111111111111111111111111111111111111111111111111111111111111111111111111111111111111111111111111111332111111111111111111111111111111111111111111111111111111111111111111111111111111111111111111111111111111111
11111111111111111111111111111111111111111111111111111111111111111111111111111111111111111111111111111111111111111111332211111101111111111111111111111111111111111111111111111111111111111111111111111111111111111111111111111111
11111111111111111111111111111111111111111111111111111111111111111111111111111111111111111111111111111111111111111111342111110011111111111111111111111111111111111111111111111111111111111111111111111111111111111111111111111111
11111111111111111111111111111111111111111111111111111111111111111111111111111111111111111111111111111111111111001111433111101111111211111111111111111111111111111111111111111111111111111111111111111111111111111111111111111111
11111111111111111111111111111111111111111111111111111111111111111111111111111111111111111111111111111111111111111113433211011110112111111111111111111111111111111111111111111111111111111111111111111111111111111111111111111111
11111111111111111111111111111111111111111111111111111111111111111111111111111111111111111111111111111111111111111124333211111111222111111111111111111111111111111111111111111111111111111111111111111111111111111111111111111111
11111111111111111111111111111111111111111111111111111111111111111111111111111111111111111111111111111111111111111334333111101111221111111111111111111111111111111111111111111111111111111111111111111111111111111111111111111111
11111111111111111111111111111111111111111111111111111111111111111111111111111111111111111111111111111111111111134444332110011112221111111111111111111111111111111111111111111111111111111111111111111111111111111111111111111111
11111111111111111111111111111111111111111111111111111111111111111111111111111111111111111111111111111111111111333344421101100123211111111111111111111111111111111111111111111111111111111111111111111111111111111111111111111111
11111111111111111111111111111111111111111111111111111111111111111111111111111111111111111111111111111111111114344544420111111233211111111111111111111111111111111111111111111111111111111111111111111111111111111111111111111111
11111111111111111111111111111111111111111111111111111111111111111111111111111111111111111111111111111111111124455444321111111333111111111111111111111111111111111111111111111111111111111111111111111111111111111111111111111111
11111111111111111111111111111111111111111111111111111111111111111111111111111111111111111111111111111111111134466443431111011433101111111111111111111111111111111111111111111111111111111111111111111111111111111111111111111111
11111111111111111111111111111111111111111111111111111111111111111111111111111111111111111111111111110110111134465544341111113333111011111111111111111111111111111111111111111111111111111111111111111111111111111111111111111111
11111111111111111111111111111111111111111111111111111111111111111111111111111111111111111111111111111100111134467655443111124544211111111111111111111111111111111111111111111111111111111111111111111111111111111111111111111111
11111111111111111111111111111111111111111111111111111111111111111111111111111111111111111111111111111111111134458775443221124544332111111111111111111111111111111111111111111111111111111111111111111111111111111111111111111111
11111111111111111111111111111111111111111111111111111111111111111111111111111111111111111111111111011111011123455876444331123554432111111111111111111111111111111111111111111111111111111111111111111111111111111111111111111111
11111111111111111111111111111111111111111111111111111111111111111111111111111111111111111111111121011110111113356886653332112565343211011111111111111111111111111111111111111111111111111111111111111111111111111111111111111111
11111111111111111111111111111111111111111111111111111111111111111111111111111111111111111111111121111111111113456787563332122465433201111111111111111111111111111111111111111111111111111111111111111111111111111111111111111111
11111111111111111111111111111111111111111111111111111111111111111111111111111111111111111111111121111111111124457887874332221465443311111111111111111111111111111111111111111111111111111111111111111111111111111111111111111111
11111111111111111111111111111111111111111111111111111111111111111111111111111111111111111111101122111111111234458888854322121364433301111111111111111111111111111111111111111111111111111111111111111111111111111111111111111111
11111111111111111111111111111111111111111111111111111111111111111111111111111111111111111110101112221111111144568898644232223554333111111011111111111111111111111111111111111111111111111111111111111111111111111111111111111111
11111111111111111111111111111111111111111111111111111111111111111111111111111111111111111111111112233211222244568887444334234553332101111111111111111111111111111111111111111111111111111111111111111111111111111111111111111111
11111111111111111111111111111111111111111111111111111111111111111111111111112222211111112111111013444222233344679885444333445754421111111111111111111111111111111111111111111111111111111111111111111111111111111111111111111111
11111111111111111111111111111111111111111111111111111111111111111111111111111122111111111111101112444222444445688985444444447744311111011011111121111111111111111111111111111111111111111111111111111111111111111111111111111111
11111111111111111111111111111111111111111111111111111111111111111111111111111123111111111111001113444223345445789985544454577643111111001111122111111111111111111111111111111111111111111111111111111111111111111111111111111111
11111111111111111111111111111111111111111111111111111111111111111111111111111113221111111111111113664333457677889997555446788543111111111111122211111111111111111111111111111111111111111111111111111111111111111111111111111111
11111111111111111111111111111111111111111111111111111111111111111111111111111123321111111111111124664444578879889998786458887544211111111012232111111111111111111111111111111111111111111111111111111111111111111111111111111111
11111111111111111111111111111111111111111111111111111111111111111111111111111023320011110111111244764456789887769788887658886443211111001112221101111111111111111111111111111111111111111111111111111111111111111111111111111111
11111111111111111111111111111111111111111111111111111111111111111111111111111123310111111111212345875558775322223376798779984443211111112132311111111111111111111111111111111111111111111111111111111111111111111111111111111111
11111111111111111111111111111111111111111111111111111111111111111111111111101233211001111111213446887786322121212224579888875443211111112333210001111111111111111111111111111111111111111111111111111111111111111111111111111111
11111111111111111111111111111111111111111111111111111111111111111111110111113223311101111122223445899742221111111222235889974443212111012444111011111111111111111111111111111111111111111111111111111111111111111111111111111111
11111111111111111111111111111111111111111111111111111111111111111111111111132223111111111112333445886321111111111111223699885444221111113444111011111111111111111111111111111111111111111111111111111111111111111111111111111111
11111111111111111111111111111111111111111111111111111111111111111111111111233221011111112223324477872111111111111111111368886443321111134644110112211111111111111111111111111111111111111111111111111111111111111111111111111111
11111111111111111111111111111111111111111111111111111111111111111111111112333221111111112234444479741111111111111111111248887544431222346644111123211111111111111111111111111111111111111111111111111111111111111111111111111111
11111111111111111111111111111111111111111111111111111111111111111111111113433321101111112334545678311111144111111101111126887544332333567643111233211111111111111111111111111111111111111111111111111111111111111111111111111111
11111111111111111111111111111111111111111111111111111111111111111111111113343320111011112344456795111111287111111111110113687544334555665442123332111110111111111111111111111111111111111111111111111111111111111111111111111111
11111111111111111111111111111111111111111111111111111111111111111111111113444331111111223344568742111111111111111111111122688654445656644332343331111011111111111111111111111111111111111111111111111111111111111111111111111111
11111111111111111111111111111111111111111111111111111111111111111111111112444442100111224346687311111111111111111111011112468755446875544333444321111111111111111111111111111111111111111111111111111111111111111111111111111111
11111111111111111111111111111111111111111111111111111111111111111111111111344543211112324457863121111111111111111111111111279865557876443334433311101111111111111111111111111111111111111111111111111111111111111111111111111111
11111111111111111111111111111111111111111111111111111111111111111111111100134454421122334578521111111111111111111111111011259766667886444444544401111111111111111111111111111111111111111111111111111111111111111111111111111111
11111111111111111111111111111111111111111111111111111111111111111111111111123445443322335774211111111111111111111111111111146887768887443444654411112211111111111111111111111111111111111111111111111111111111111111111111111111
11111111111111111111111111111111111111111111111111111111111111111111111111112335544422346741111001121111111111111111111111128987789886434444765410012211011111111111111111111111111111111111111111111111111111111111111111111111
11111111111111111111111111111111111111111111111111111111111111111111111111111345654443347721112367796521111111111111111111125799998975444545885311112211111111111111111111111111111111111111111111111111111111111111111111111111
11111111111111111111111111111111111111111111111111111111111111111111111110112334554433358512588888988851111111111111111111125778988855445556874322112211111111111111111111111111111111111111111111111111111111111111111111111111
11111111111111111111111111111111111111111111111111111111111111111120111111111144564433458568988788899872111111111111111111112689988664445778754421112421111111111111111111111111111111111111111111111111111111111111111111111111
11111111111111111111111111111111111111111111111111111111111111111111111111111144575434446777776788899881111111111111111111111479788765557987544421112322111111111111111111111111111111111111111111111111111111111111111111111111
11111111111111111111111111111111111111111111111111111111111111111112111011111244575433345676677678888861111111111111111111111345899867668865444311112332111011111111111111111111111111111111111111111111111111111111111111111111
11111111111111111111111111111111111111111111111111111111111111111011221110111344576443344566667668899731211111111111111111121257888887678854443222124321111011111111111111111111111111111111111111111111111111111111111111111111
11111111111111111111111111111111111111111111111111111111111111110111122100111344587433324456766878898611111111111111111111111125998889679865433111233211110111111111111011111111111111111111111111111111111111111111111111111111
11111111111111111111111111111111111111111111111111111111111111111111222211112445788533333346656788986220111111111111111111211222588988888866443323333210111110111111111111111111111111111111111111111111111111111111111111111111
11111111111111111111111111111111111111111111111111111111111111111110123422234456887544434446677678872111111111111111111111111221247789889876644444432111111111111111111111111111111111111111111111111111111111111111111111111111
11111111111111111111111111111111111111111111111111111111111111111100132322334678885444444444777787632111111111111111111111111222223469789877654544321111111111111111011111111111111111111111111111111111111111111111111111111111
11111111111111111111111111111111111111111111111111111111111111111101112333445688885444554545678888421111111111111111111111111111121235799877664544311111111111111121111111111111111111111111111111111111111111111111111111111111
11111111111111111111111111111111111111111111111111111111111111111111112333444578885444466655678985111111111111111111111111111111111223379987765544211111111111111211111111111111111111111111111111111111111111111111111111111111
11111111111111111111111111111111111111111111111111111111111111111111111133444577987644568866688942211111111111111111111111111111111112246987675644211111111111111211111111111111111111111111111111111111111111111111111111111111
11111111111111111111111111111111111111111111111111111111111111111111111113343567788765568767889521111111111111111111111111111111111112123698765543311111112221111211111111111111111111111111111111111111111111111111111111111111
11111111111111111111111111111111111111111111111111111111111111111110111011234455678887578668886211111111111111111111111111111111111111112368675543411112234311110111111111111111111111111111111111111111111111111111111111111111
11111111111111111111111111111111111111111111111111111111111111111111011111123445567889888758973111211111111111111111111111111111111212112248885444432223444211111221011111111111111111111111111111111111111111111111111111111111
11111111111111111111111111111111111111111111111111111111111111111101111011113444456788888768831121111111111111111111111111111111111112111237885444333333443111111221111111111111111111111111111111111111111111111111111111111111
11111111111111111111111111111111111111111111111111111111111111111001121100112444445678988878521111111111111111111111111111111111111111112114985444433344642111112321010101111111111111111111111111111111111111111111111111111111
11111111111111111111111111111111111111111111111111111111111111111111121111111344454678899889311011111111111111111111111111111111111101111113685554444446742111133211111111111111111111111111111111111111111111111111111111111111
11111111111111111111111111111111111111111111111111111111111111111111232111112444445668898987211111111111111111111111111111111111111111111112685545444457743212133321111121111111111111111111111111111111111111111111111111111111
10111111111111111111111111111111111111111111111111111111111111111111123221112344444668889873211111111111111111111111111111111111111111111111387665644468744321222321111221111111111111111111111111111111111111111111111111111111
11111111111111111111111111111111111111111111111111111111111111111111113432333344444588998862211111111111111111111111111111111111111111111111257865675578844432122433112121111111111111111111111111111111111111111111111111111111
11111111111111111111111111111111111111111111111111111111111111111111112344444444455688998752211111111111111111111111111111111111111111111111258865776778865442223443322210111111111111111111111111111111111111111111111111111111
11111111111111111111111111111111111111111111111111111111111111111111111335544445556788888722111111111111111111111111111111111111111111011111246765787788975443344543332211111111111111111111111111111111111111111111111111111111
11111111111111111111111111111111111111111111111111111111111111111111111244664445676788966321111111111111111111111111111111111111111111111111137876889889975544445543432111111111111111111111111111111111111111111111111111111111
11111111111111111111111111111111111111111111111111111111111111111111111334774446786788987221111111111111111111111111111111111111111111111110114788889888754444456444331101111111111111111111111111111111111111111111111111111111
11111111111111111111111111111111111111111111111111111111111111112211122335864446788889984211101111111111111111111111111111111111111111111111112798898887544444466443311111111111111111111111111111111111111111111111111111111111
11111111111111111111111111111111111111111111111111111111111110101311113335875445788998972110111111111111111111111111111111111111111111111101111389899865444444586443311110101111111111111111111111111111111111111111111111111111
11111111111111111111111111111111111111111111111111111111111111111231123344787655579997641111111111111111111111111111111111111111111111111111111266988665544455785444311110111111111111111111111111111111111111111111111111111111
11111111111111111111111111111111111111111111111111111111111110111243233334588765678998831111111111111111111111111111111111111111111111111111111269888766555567786443211111111111111111111111111111111111111111111111111111111111
11111111111111111111111111111111111111111111111111111111111100111244344334457887767887321110111111111111111111311111111111111111111111111111011136888876577678875331111111111111111111111111111111111111111111111111111111111111
11111111111111111111111111111111111111111111111111111111111111111334356333456898778786211111111111111111111115641111111111111111111111111111111124778876677888864311111110011111111111111111111111111111111111111111111111111111
01111111111111111111111111111111111111111111111111111111111111111334477434556788888773111111111111111111111112521111111111111111111111111111111112689876789888744311111110111111111111111111111111111111111111111111111111111111
11111111111111111111111111111111111111111111111111111111111111123445686444677789998752110111111112111166111112511111132111111111111111111111111112479987788986443311221111111111111111111111111111111111111111111111111111111111
11111111111111111111111111111111111111111111111111111111111111124446796445687899997721111222111136111125111012440111146111111111131111111111111111267988889887444322311111111111111111111111111111111111111111111111111111111111
11111111111111111111111111111111111111111111111111111111111111244567886555688889998311102685111125111147111112301111145111121111362112111111111111149888999876654434521111111111111111111111111111111111111111111111111111111111
11111111111111111111111111111111111111111111111111111111111111233568888665678999874111111251111034101123111102511111235111165111141126611111111111125889989887754446511111111111111111111111111111111111111111111111111111111111
11111111111111111111111111111111111111111111111111112222232333345678898888888999854321222373222555322237232223522322236233243232363223432222222233334799999998887777533332331111111111111111111111111111111111111111111111111111
11111111111111111111111111111111111111111111111111155555555555555555455555555555655556766478775248666538677743566687548777657577677774777645555556555555655545555555555555556311111111111111111111111111111111111111111111111111
11111111111111111111111111111111111111111111111112534343443443343444344344333444444468675468764466565346777733584686457787578355555866876764444444444444444444443444444443444541111111111111111111111111111111111111111111111111
11111111111111111111111111111111111111111111111144444344444344444444444344443444444576642245743583562223368412344863223476254265464524545675444444333444444444443444444344444445211111111111111111111111111111111111111111111111
11111111111111111111111111111111111111111111112332333343333443343434343334333334335878855654422354464666784211123486667884332375445556678868434444344343443333443333343344333333431111111111111111111111111111111111111111111111
11111111111111111111111111111111111111111111123232322232232222233333232333322233347778988883321123489999983222234389989896331354334889899977743223232232333332323332233333222233333111111111111111111111111111111111111111111111
11111111111111111111111111111111111111111111322222222232222322233322233233222333377544444468888888444433446688889844344444787667888444345446773233233332323232322232332232222222223321111111111111111111111111111111111111111111
11111111111111111111111111111111111111111122222222322232222222223223232222222233664433433489888897434333337782688844343344688998888544334334576333232232323232322323223222222222222222111111111111111111111111111111111111111111
11111111111111111111111111111111111111111222211222222121222222222222222222222226742555444566666665444554446561476655444555466665666544444555467522222222222222212222222222222222212122211111111111111111111111111111111111111111
11111111111111111111111111111111111111112112111212211221221221111211111221112247612788892124443337818898863211214368989735543333334368899888876642121221222221221122221111121221111122111111111111111111111111111111111111111111
11111111111111111111111111111111111111111112111112122121221211222212222221221487411498871113433447314888854411034358884212163334322438886446887673122222212221212212221121222111111121211111111111111111111111111111111111111111
11111111111111111111111111111111111111111111111211112121111122112211221112222676811788860101233367101888843411133348883111353332211236785113888577222112211222112111111221121111111111111121111111111111111111111111111111111111
11111111111111111111111111111111111111110111111101111001011111111111111111116854211233362104477834112333368611168863332210337888601586334113333367611111111111111111111011111111111111111111111111111111111111111111111111111111
11111111111111111111111111111111111111111111111111111111111111111111111111156634401334485112889733112333388611159874344111436998511687332112333336761111111212111111111111111111111111111111111111111111111111111111111111111111
11111111111111111111111111111111110111111111111111111111111101011111111111375333111323582101477433112333278820188773332111333777710688433003333333674111111111111111111111111111111111111111111111111111111111111111111111111111
11111111111111111111111111111111111111111011111111111111110111111111111112665544111154651101355452111454455410155554543111244565511565453103455445577311111101111111111110111111111101111111111111111111111111111111111111111111
11111111111111111111111111111110011111110011111111111111110110111111111126657682110253421111443850111488534111115437882011288434111244371112778888757731111111111111111111111110011111101111111111111111111111111111111111111111
11111111111111111111111111111110111111101111111111111111111110111111111156678872111143311111135941111178432111122437851111258531111223331111588898874762111111111111111111111111111111111111110111111111111111111111111111111111
11111111111111111111111111111111111111111111011111011011111111111101111455588732224733310111235731112578431111111337751111158631111123322112788888886565111111101111111111011111111111111111111111111111111111111111111111111111
11111111111111111111111111111111111110011111111111111111111111011001113553787423337711111111226521124778210111112225731001377710011122112112777788778545411011001111111111111111111111111111111111111111111111111111111111111111
11111111111111111111111111111111111111111111111111111111111111111111015444453333344322211122224222224444321111123323321112344531111233322123454445444435531100111111111111111111111111111111111111111111111111111111111111111111
11111111111111111111111111111111111111111111111111111111111111111111154445444434454454223355554223355554432222355455332234455543223455542244445555554554552111111111111111111111111111111111111111111111111111111111111111111111
11111111111111111111111111111111111111111111111111111111111111111111111111101111111111111111111111111111111111111111111111111111111111111111111111111111111111111111111111111111111111111111111111111111111111111111111111111111
11111111111111111111111111111111111111111111111111111111111111111111111111111111111111111111111111111111111111111111111111111111111111111111111111111111111111111111111111111111111111111111111111111111111111111111111111111111
11111111111111111111111111111111111111111111111111111111111111111111111101111111111111111111000101111110011111111111111111111111110101011111001110111111111111111111111111111111111111111111111111111111111111111111111111111111
11111111111111111111111111111111111111111111111111111111111111111111111111111111111111111111111111111111111111111111111111111111111111111111111110111111111111111111111111111111111111111111111111111111111111111111111111111111
11111111111111111111111111111111111111111111111111111111111111111111111111111111111111111111111111111111111111111111111111111111111111111111111111111111111111111111111111111111111111111111111111111111111111111111111111111111
11111111111111111111111111111111111111111111111111111111111111111111111111111111111111111111111111111111111111111111111111111111111111111111111111111111111111111111111111111111111111111111111111111111111111111111111111111111
11111111111111111111111111111111111111111111111111111111111111111111111111111111111111111111111111111111111111111111111111111111111111111111111111111111111111111111111111111111111111111111111111111111111111111111111111111111
