1111111111111111111111478211111111111111111111
1111111111111111111138847511111111111111111111
1111111111111111111495116411111111111111111111
1111111111111111113931118334531111111111111111
1111111111111111128411139987692111111111111111
1111111111111111176111166311392111111111111111
1111111111111114682111131112884111111111111111
1111111111111588531111111111358851111111111111
1111111111148731111111111111111378411111111111
1111111111694111111111111111111114861111111111
1111111117721111111111111111111111277111111111
1111111177111111111111111111111111117711111111
1111111682111111111111111111111111111761111111
1111113821111111111111111111111111111284111111
1111118411111111111111111111111111111138211111
1111157111111111111111111111111111111117611111
1111193111111111111111111111111111111113921111
1111571111111111111111111111111111111111751111
1111741111111111111111111111111111111111481111
1112921111111111111111111111111111111111192111
1114711111255311111111111111111135521111174111
1116511113998951111111111111111498994111156111
1117411128820163111111111111112610289211148111
1118311159306825111111111111115107839611139111
1119311188008924111111111111115008917811129111
1119211197002304111137997311114002306911129111
1119211187000004111599999961114000006911129111
1168211178100004116999999996115000008711117611
1482111139400024149889999889514200049411112841
1841111115952341399739999379941432495111111381
4711111111355315999999999999995135531111111175
7413111111111159999999999999999511111111112247
8793111266411158578999999998758611146721113978
3761111741111128731379999731278211111471111683
1741112411111111681114994111772111111142111381
1831111111111111184111331113821111111111111391
1845711111111111157111221117511111111111175381
1688851111111111118423333238211111111111488861
1152394111111111114823333284111111111113932521
1111139411111111111762332571111111111149411111
1111113851111111111285225821111111111594111111
1111111278311111111128878311111111137821111111
1111111115973111111111442111111113695111111111
1111111111269752111111111111112479621111111111
1111111111111479865433223345689742111111111111
1111111111111111356788999876531111111111111111
